1.632779
1.026366
2.489250
1.416156
1.366859
2.393829
2.157669
1.351552
1.810025
1.497931
1.388663
1.346516
1.518324
1.721352
1.667271
1.217610
1.341632
1.636858
1.429500
1.389217
0.903049
1.359709
0.979687
1.542847
1.461072
1.660776
1.612134
1.414494
2.106912
1.342337
2.290402
1.125865
1.797890
1.642799
1.870500
1.685248
1.498082
2.037273
1.456439
1.713446
1.610069
1.390677
1.508002
1.245607
1.709770
1.562334
1.778101
2.125694
1.603674
1.500348
1.454475
2.079419
1.411775
1.773367
0.918306
1.673616
1.899202
1.990443
1.514699
1.945779
1.904892
1.813701
1.384181
1.634239
1.298680
1.682982
2.226855
1.724574
1.133015
1.844870
1.928357
1.650302
1.870399
2.154950
1.713698
1.293443
2.053638
2.402893
1.663243
1.117960
1.838022
1.336043
1.841798
2.037524
1.730264
2.103085
1.663243
1.815765
1.586655
1.394655
1.241629
1.634239
1.446922
1.701361
2.341864
1.319376
1.668832
1.598437
1.196663
1.147769
1.504829
2.082591
1.505484
1.827800
2.125140
1.801213
1.855092
1.942607
1.889131
1.527187
1.302910
1.707605
1.856754
1.414444
1.648792
1.493198
1.828757
1.519080
1.223199
1.093488
1.872313
1.192181
1.916624
1.538315
1.911539
1.161969
1.729308
1.220430
2.040546
1.910683
1.972266
1.670343
2.043466
1.024200
1.564650
1.854588
2.071161
1.472250
1.487961
1.618579
1.894217
1.759671
1.469028
2.047696
1.469431
1.683536
2.486732
1.430859
1.765462
1.069469
1.899504
2.222173
1.194347
1.950462
2.652498
1.713899
2.103035
1.902223
1.364745
1.319225
1.225768
1.759923
2.309789
1.258598
1.171587
1.703677
1.147467
1.551558
1.091121
1.654028
0.968056
1.575677
1.667473
1.614651
1.690182
1.162170
1.199030
1.409459
1.655640
1.951671
1.386598
1.486450
1.136490
1.529604
1.801515
1.783035
1.438966
1.994673
2.061543
1.297673
1.867781
1.378290
1.925134
1.413991
1.704584
0.793327
0.826057
1.437204
1.647986
1.068159
2.015570
1.669235
1.934853
1.435693
2.202887
1.318268
1.894771
1.594057
1.841345
1.264137
1.537962
1.745622
2.339095
2.271822
1.502916
1.460165
1.580511
1.171989
1.510721
1.241478
1.922617
1.587108
1.571347
1.552716
1.606998
1.758311
1.490730
1.727696
2.031834
1.303313
1.676637
1.876140
2.070859
1.764656
1.776086
1.727092
1.513792
1.814960
2.192464
1.626233
1.901418
2.087727
1.340071
1.590381
2.052731
1.570189
2.017685
1.461877
1.729710
1.526180
1.692197
1.753880
1.304572
1.828958
1.779611
1.045702
1.543904
1.432823
1.352408
1.207590
1.357594
1.873270
1.426076
1.828152
1.550500
1.431413
1.849905
2.001974
1.483429
1.889937
2.038481
1.494456
1.831929
1.417767
1.777245
1.061664
1.800005
1.854236
1.723668
2.085814
1.452058
2.103337
1.280905
1.602768
1.327231
1.622859
1.433276
1.847237
1.935759
1.403719
1.195757
1.304269
1.285941
1.458000
1.577490
1.880974
0.981500
0.793277
1.777396
1.411876
1.674573
0.827367
2.550330
1.492090
1.857207
2.275800
1.409610
1.849754
1.584943
1.794818
1.655489
1.362881
2.077103
2.066730
1.302708
1.720496
1.541689
1.543199
1.109550
1.602818
1.418472
1.299687
1.120326
0.624742
1.831728
1.650352
1.562636
1.892706
1.690736
1.460619
1.116902
1.637965
1.928256
1.456993
1.298277
2.252687
1.871155
2.101927
2.310493
1.172795
1.259052
1.583231
2.017534
1.476782
0.991370
1.599948
1.812543
1.623262
1.593251
1.572354
1.741040
1.546523
1.587007
2.160590
1.307945
1.303363
1.468977
1.759117
1.872011
1.491284
1.332468
1.926544
1.486702
1.234378
0.782401
1.991048
1.936111
1.280150
1.587410
1.609465
1.566563
1.811082
1.852071
1.392087
1.733487
2.229222
1.688571
1.162422
1.404675
1.655388
1.244550
1.673012
1.684291
1.811082
1.643857
1.563643
1.840993
1.269374
1.645216
1.442038
1.549846
1.498233
1.891800
1.748946
1.697131
1.873320
1.821103
1.722208
1.967784
1.857509
1.619083
1.721906
1.444505
2.155202
2.102934
1.786610
1.782431
1.985207
1.265497
2.309033
1.909927
2.163007
1.629153
1.577087
1.660121
1.795372
1.228336
1.751111
1.310614
1.862192
1.560622
1.236946
1.248729
1.349890
1.759671
1.817427
1.966978
1.738522
1.840288
1.862141
2.202534
1.112622
1.624168
1.524014
1.515253
2.161798
1.661783
1.854286
1.887469
1.662286
1.793660
1.497176
1.669235
1.498283
1.333626
1.694664
1.698441
2.023778
1.431615
1.309355
1.928004
1.849654
1.923019
1.897188
1.472250
1.807155
1.212726
2.057515
1.593604
1.591891
1.222192
1.549745
1.581267
1.601308
1.747334
2.234509
1.830821
2.159532
1.651259
1.028380
1.497226
1.704735
1.693858
1.172443
1.828757
1.280704
1.821506
2.186069
1.363133
1.667271
2.035561
1.264137
1.609515
2.336627
1.363889
1.507750
1.754535
1.358400
1.914308
1.995328
1.615508
2.340807
1.412279
1.314391
2.013606
1.960583
1.731725
2.062450
1.516159
1.550803
2.094928
1.820096
1.447829
0.862463
1.930270
1.769843
1.506290
2.186018
1.422853
1.764354
1.669537
1.368874
1.241780
1.826793
1.733940
1.326123
2.014966
1.956606
1.874881
0.759741
2.094122
1.573563
1.456187
2.216583
2.236171
1.431010
1.622003
1.411876
1.141072
1.024301
1.507297
1.759570
1.394806
2.885486
1.861739
1.560571
1.562434
1.308751
1.248225
1.666264
1.494154
1.651007
1.617975
1.555083
1.604681
1.920149
2.075391
2.190903
1.218013
1.123700
1.329749
1.462784
1.825383
1.546573
2.094424
1.062923
2.016074
1.910632
1.797588
1.722459
1.607552
2.251126
1.931731
2.053235
1.109500
1.292386
1.071634
1.419882
1.888074
1.793559
1.834296
1.234177
1.424918
1.689427
0.948770
0.923190
2.134456
1.204166
1.593956
1.431010
2.069701
1.469833
1.308600
1.732681
1.152704
2.103941
0.928377
1.379599
2.048199
1.355177
1.673213
1.570592
1.955296
1.426126
1.838324
1.768080
2.254298
1.627844
2.100165
1.933040
2.144980
1.729207
1.513943
1.295155
1.857408
2.106107
2.034554
1.200339
1.783740
0.965236
1.356789
1.929062
1.969144
1.527791
1.508858
1.425975
2.250723
1.718381
1.288559
1.319124
1.883945
1.570038
1.721704
1.957814
1.646677
1.108342
1.512383
2.405109
2.265276
2.260542
1.706044
1.565405
1.700203
1.491939
2.153339
1.521194
2.155403
1.733940
1.558054
1.977603
2.157568
1.684895
1.243895
2.136269
1.009547
1.468021
1.254469
1.405229
2.295438
1.708159
1.225768
1.887923
1.290372
1.196260
2.065521
1.987775
1.577843
1.207539
1.317261
1.488011
2.118443
2.122522
1.270381
1.407445
1.271338
1.911237
1.309909
1.733940
1.521346
1.252203
0.995398
2.143117
1.985358
1.585295
2.109833
2.477165
1.264893
1.635649
1.396518
1.519936
2.221266
2.106459
1.647533
1.787617
1.760829
1.410013
1.860178
1.094243
1.364040
1.836008
2.044826
1.872464
1.995177
1.825383
1.994270
1.325317
1.281560
1.796178
1.358652
1.248930
2.004694
1.518022
2.222424
1.692650
1.456993
1.613292
0.904005
1.594157
2.104243
2.010686
1.820197
1.905496
1.987775
1.766620
1.746529
1.968842
1.901166
1.501254
2.336124
1.155423
1.337201
2.357021
2.338943
1.456036
1.672559
1.305579
1.509966
1.646626
1.883189
1.583835
1.847287
1.951167
1.727797
1.231860
1.563895
1.383627
1.853984
2.055450
1.841748
1.980574
1.663495
1.599998
1.964813
1.473157
2.060234
1.405481
0.994844
1.530258
1.849553
1.762894
1.261317
2.021361
1.860883
1.814255
2.260693
1.654633
2.167287
1.641037
1.851366
1.656345
1.686154
1.880873
1.178636
1.543451
1.250642
2.229877
1.779762
1.283272
1.684341
1.982890
1.827548
1.249484
1.421896
1.520691
1.487155
1.850208
1.908719
1.530258
1.390828
1.915063
1.471948
2.005247
0.924751
1.295004
1.802875
2.043466
2.025439
1.061009
1.836008
1.494205
1.095200
1.645770
1.389670
2.106761
1.767778
1.113377
1.453821
1.380606
0.986989
0.920119
2.109279
1.548738
1.544458
1.972920
1.495212
1.722006
1.710475
1.313686
1.614400
2.019548
1.554630
1.645720
1.654884
0.944389
1.785049
2.062852
1.556140
2.181184
1.209856
1.355983
1.252203
1.949606
2.117134
1.417213
2.000061
1.405280
1.497125
1.962044
1.387202
1.534689
1.334079
1.467366
1.345459
1.785553
2.441112
1.817125
1.682076
1.525374
1.535193
1.364442
2.348410
1.570743
1.636304
1.579454
1.520087
2.109682
2.092863
1.739731
1.652568
1.932436
2.466641
1.756348
1.201547
1.869090
1.223653
1.104263
1.284128
1.109299
1.623161
1.951167
1.615508
1.632225
0.900783
1.833994
1.907510
1.954793
1.927702
1.365097
1.486400
1.378793
1.589626
1.743457
1.755089
1.795976
1.606091
1.486198
1.311621
1.851416
1.848999
1.888879
1.514951
1.562888
1.477991
2.174135
1.505836
1.465553
1.767224
1.980373
2.180177
1.539523
1.925034
1.865717
1.585648
2.086670
2.091856
2.436681
2.174034
1.344301
1.734595
1.492191
1.451505
1.322195
1.511476
1.461122
1.958670
1.266554
2.085713
1.597481
1.685500
1.401956
1.420587
2.244328
1.626183
1.553371
2.253593
1.128836
1.684744
1.072893
2.233855
2.077556
1.162724
2.126299
1.073849
1.575829
1.667271
1.335942
2.194579
1.454022
1.939737
1.710777
1.879413
0.785724
1.675378
1.759319
1.106781
1.373506
1.979416
2.194679
1.492896
1.342891
1.829814
1.522755
2.293826
1.929767
1.790941
1.373557
1.864055
1.459108
2.105855
0.732802
1.988832
1.717021
1.142784
1.530157
2.150720
1.554327
1.823973
1.418774
2.068492
1.456288
1.459309
1.858163
1.736961
1.603725
1.452159
1.402812
1.427083
1.400999
1.778151
1.945880
1.740738
1.736659
1.247571
1.906000
1.668178
1.676033
1.116801
1.935809
1.482925
1.293645
1.043939
1.880672
1.186491
1.280200
1.847891
1.227328
1.733890
1.850610
1.254167
1.350746
1.956656
1.477084
2.158223
1.857761
1.780618
1.488918
1.367262
1.085632
1.624571
1.431413
1.103760
1.108745
1.849100
2.366940
1.275417
2.586433
2.074484
1.721704
1.896332
1.943665
1.801012
1.684795
2.022871
1.322296
1.499794
1.651309
1.241226
0.916594
1.311369
1.912697
1.438312
1.959425
1.725279
1.934349
1.797688
2.101927
1.300191
1.747083
1.633484
1.989084
1.410567
1.124556
1.593755
1.171838
1.521245
1.697937
1.766469
1.617270
1.232263
1.616615
1.829311
1.589827
1.954390
1.373355
1.820096
2.016476
1.495514
1.591740
1.868687
1.382671
2.058925
1.695419
1.285890
1.970000
1.185031
1.602415
0.955870
1.652769
1.632225
1.367061
1.910632
1.689276
1.592697
1.625679
0.874397
1.954843
1.924580
0.658580
1.282114
1.717625
1.546875
1.719942
1.742651
2.018994
1.619133
1.988933
1.357040
1.736961
1.323505
1.850459
1.589978
1.161415
1.157739
1.272345
1.312024
1.743457
1.375571
1.483228
1.870450
2.176602
1.425018
1.297069
1.303162
1.936867
1.796530
2.249213
1.614903
1.522856
1.364392
1.621349
1.713245
1.968539
1.338510
1.954793
1.238507
2.207117
1.703224
1.414142
1.366658
2.124284
1.523712
1.469078
1.870500
1.643907
1.529251
1.567017
1.787315
1.964964
1.583432
2.106157
1.641440
1.907661
1.943010
1.020273
2.402541
2.093820
1.318620
1.777194
0.957481
1.518475
1.779863
1.276675
1.088351
1.178133
1.838425
1.397575
1.297623
2.149512
1.580008
1.180801
1.902374
1.493399
1.565758
2.042912
1.204266
1.715359
1.917783
1.904842
2.124184
1.905949
1.848596
1.223703
2.008319
1.247974
1.617068
1.842906
1.662740
1.886362
1.314743
1.250139
1.463438
1.711029
1.521144
1.550853
2.456168
1.863199
1.577641
1.766922
1.515756
2.115775
1.748845
1.800911
1.601459
2.101424
1.232867
1.964360
1.767677
1.588971
1.222142
2.068744
1.589827
1.567973
2.049005
1.290070
1.142834
1.862997
1.948750
1.817628
1.857660
1.832533
1.362025
1.140971
1.476883
1.916071
1.642346
1.524417
0.959093
1.247571
1.848093
2.310393
1.951620
1.594661
1.502010
1.725078
1.335439
2.369257
1.779561
1.309506
2.055450
1.539977
1.366003
2.432753
1.791998
1.809673
1.263332
1.467567
1.377937
2.182645
1.672206
1.379800
0.988651
1.823872
1.817326
1.312981
1.951520
1.659064
1.516612
1.522806
1.405481
1.508002
1.459460
1.457698
1.948700
1.461021
1.715511
1.361673
1.965015
1.694412
1.662991
1.695520
1.632225
1.724675
1.914359
1.670998
1.559514
1.395914
0.893179
1.526180
1.527338
1.362630
1.052650
1.356738
2.419057
1.533984
2.118292
1.876643
1.436952
2.058925
1.689075
1.614249
0.741765
1.540077
1.847136
1.512785
1.405934
2.033496
1.481415
1.764606
1.344351
1.873824
1.229544
1.402711
1.798595
1.671249
1.723466
1.803831
1.622507
1.461273
1.216502
1.365097
1.991400
1.622507
1.278387
1.954692
1.424817
1.126923
1.782935
1.336093
2.182645
1.366859
2.137628
1.720193
1.693053
1.789682
1.697333
1.684392
1.129742
1.670645
1.126721
1.578195
1.553119
1.956303
1.878154
1.655690
2.768564
2.222072
1.308751
1.764253
1.683334
1.553119
1.636606
1.431816
1.347121
1.476027
1.504779
1.441232
1.234831
1.939384
1.235234
1.768987
1.762491
1.436398
1.520943
2.166833
1.829512
1.653273
1.070174
1.665106
2.079671
1.898598
0.818102
1.574721
1.580562
1.774878
1.723064
1.483429
1.511275
2.430688
1.073396
1.480458
1.464899
2.160036
1.599243
1.891750
1.404222
1.504779
1.546674
1.594409
1.849402
1.769792
1.474516
1.980070
1.664703
1.135483
1.683788
1.386145
2.237379
1.459863
1.828052
1.376074
1.662589
1.164336
1.957411
1.501003
1.801465
1.560773
1.450951
1.620744
1.553874
1.857811
1.950110
1.310211
1.376678
1.659366
1.499844
2.378975
1.629657
0.941972
1.442995
1.262727
1.604228
1.355177
1.739882
1.171385
1.460065
1.556493
2.261902
1.178284
1.636555
1.609264
1.652165
1.524014
1.574066
1.928659
1.637714
1.612587
1.368924
1.870198
1.724826
1.934953
1.866472
1.935809
1.314340
1.649799
1.543803
1.466107
1.458403
1.694966
1.703778
1.210057
1.625880
1.133469
1.256232
2.109531
1.637210
2.154446
1.822160
1.761383
2.035410
1.876744
1.717928
2.183400
1.837569
1.920351
1.419983
1.530157
1.572858
1.450246
1.503520
1.827800
1.591489
1.402460
1.868083
1.264439
2.197348
2.029015
1.442793
1.781474
2.020052
1.769591
1.633232
1.977754
1.809119
1.286696
1.603372
1.118463
2.363264
1.477991
1.751312
1.780467
2.018390
0.782350
1.453619
1.887016
1.324159
2.321269
1.924228
1.471143
1.456137
1.852574
1.440930
1.130951
1.206734
1.456288
1.202806
1.751614
1.437859
1.810428
1.268871
1.729257
1.395914
1.656294
1.763045
1.703677
1.675076
1.717676
0.850832
1.243996
1.583936
1.617371
1.324612
1.430859
0.797154
1.813348
1.260260
1.564902
1.892958
1.188354
1.960634
1.580109
1.380606
1.548587
1.340625
1.981279
1.729861
1.147618
1.849654
1.603574
1.709720
1.546069
1.664301
2.187277
0.816541
1.901720
0.903754
1.873270
1.978308
1.555788
1.783539
2.210289
1.092078
1.349185
1.815715
1.777798
1.761383
1.573965
1.432924
1.551407
1.949506
2.284662
1.959174
1.695117
1.441333
1.371442
1.882585
1.595467
1.649849
1.241629
1.894922
2.242868
2.088432
1.374815
1.841345
2.288791
1.750154
1.862141
1.397173
1.479854
1.641843
1.864005
1.454274
1.771252
2.410648
2.137175
1.778352
1.705289
1.317815
1.667825
1.912042
1.469078
2.006456
2.145332
1.716316
1.359004
1.604530
1.478645
1.205324
1.529855
1.575980
1.675932
1.319174
1.432773
1.677745
2.421423
0.967401
1.736055
1.280200
1.768936
1.751765
2.074081
1.996033
1.925487
1.036739
1.961440
1.097063
1.452209
2.058522
1.255376
1.787920
1.508002
2.019598
1.680917
1.382066
1.891045
1.607501
1.854135
2.265880
1.422148
1.638116
1.406488
1.778453
1.800105
2.109782
1.749550
1.407042
2.018541
2.346950
1.939636
1.728703
1.567570
2.034554
1.763599
1.315196
2.296999
0.995599
1.860832
1.909474
1.058340
1.561024
1.894267
1.662790
1.861638
2.471072
1.756700
2.092612
1.553169
1.903784
1.331158
1.881981
1.275165
1.608559
1.067807
1.703979
1.209151
1.651511
1.778302
1.337352
1.422903
1.278085
1.012418
1.708008
1.846783
1.299083
1.831325
1.783740
1.144597
2.436530
2.026396
1.283423
1.821758
1.698793
1.551910
2.085310
2.018239
1.362630
2.188486
1.173802
2.549272
1.850107
1.634239
1.332317
2.009377
1.547479
2.330937
1.455180
1.937320
1.919696
2.003284
1.800609
1.556493
1.996486
2.000665
1.395309
1.565707
1.945427
2.018188
1.604984
1.815211
1.845122
1.463338
1.312981
1.142331
1.306233
1.669437
1.092128
2.119753
2.036417
1.640785
1.667976
1.534538
1.818787
1.783942
1.707806
1.704684
1.579102
1.942305
1.801012
2.039992
1.352760
1.829562
1.665358
1.868889
1.569887
1.859120
2.034554
1.825333
2.549574
1.795120
1.406639
1.903079
1.887369
1.820045
1.159300
1.418271
1.718784
1.251599
1.536099
1.479250
1.995731
1.345107
1.724373
1.388512
1.698491
1.455432
1.713597
1.906201
1.841647
1.615659
1.753729
1.735350
2.217439
1.111514
1.770497
1.589474
1.783287
1.226926
1.286041
2.229071
1.481163
1.340776
2.079671
1.440225
1.753427
1.152754
1.802522
1.342639
1.845927
1.720798
1.658208
1.331259
1.890390
2.237833
1.811536
1.401503
1.472452
2.011592
1.215344
2.370616
2.120055
1.523763
2.199513
2.151576
1.865817
1.572203
1.690585
1.272849
2.163258
1.861235
1.910431
1.801364
2.112048
1.475674
2.053587
1.686809
1.585748
1.703224
1.549896
1.456137
1.748392
1.903331
1.788977
1.406488
2.014664
2.035158
1.682076
1.168263
1.885204
1.938579
1.960886
2.044020
1.584943
1.896584
2.051724
1.060959
1.412128
1.688722
1.760577
1.388058
0.913522
2.260291
1.562384
1.049377
1.320332
2.424142
1.771152
2.098453
1.802321
2.047998
1.468977
1.668430
1.557449
1.776942
1.660121
1.016446
1.192786
1.928911
1.876845
1.767979
1.250693
1.310765
1.577238
1.961087
1.711784
1.548134
1.685298
1.370686
1.919444
1.855847
2.326506
1.222394
0.973293
1.986717
1.854639
1.487709
1.651762
1.392087
1.658208
1.669235
2.050717
1.504124
1.524568
1.079640
1.456641
1.241730
1.460518
1.099178
1.089761
1.947290
1.802875
1.304018
1.782481
1.650504
1.805040
1.457748
1.567772
1.581619
1.833691
1.800407
1.997342
1.262627
1.717021
1.861890
1.816672
1.602818
2.009528
1.792401
1.997090
2.581750
2.123932
1.951520
1.641440
1.612839
2.397606
1.554277
1.562334
2.088432
1.406740
1.706195
1.834950
1.210963
1.718834
1.863853
1.268216
2.456721
1.500298
2.153641
1.536099
1.273553
1.552364
1.204266
1.623866
1.538768
1.771404
1.262325
1.623363
1.727898
1.231659
1.550903
2.545395
1.898598
1.656596
2.115775
1.278186
1.730415
1.559816
1.400848
1.455130
1.622356
2.098755
2.093317
1.451807
1.430255
1.979315
1.427133
1.474113
1.832735
1.552162
1.890944
1.365399
1.756247
2.023727
1.689427
2.284561
1.292336
1.765411
1.668379
1.430608
1.523309
1.267159
1.433427
2.096338
1.580511
2.009074
1.991199
1.556845
1.586101
2.019749
1.913150
0.858687
2.039136
1.859171
1.286293
1.750204
1.802422
2.213814
1.408351
1.446822
2.015973
1.699347
1.524770
1.962900
1.653172
0.825705
2.243372
1.779510
1.319778
1.690887
1.413638
1.415703
1.293091
1.512936
2.070708
1.397827
1.829109
2.236423
1.545062
1.052449
2.250119
1.561528
1.570692
1.876543
0.753548
1.851970
2.111343
1.269324
1.620341
1.491435
1.975438
2.056961
1.794214
2.125946
1.472099
1.707857
1.548083
1.558708
1.927652
1.469884
1.533430
1.911891
1.599646
1.808464
1.342387
1.101091
1.226271
1.382368
1.534790
1.416055
1.550198
1.880219
1.947491
1.207741
1.810529
1.618932
1.057484
2.059982
1.409056
2.177710
0.951540
1.562132
1.408955
1.369579
1.289264
2.063608
1.162624
1.720697
1.948599
1.573210
1.403920
1.847690
1.275517
1.297220
2.325348
1.326123
1.354472
0.803851
1.189563
1.775079
1.411423
1.169170
1.644511
2.078613
1.118463
1.276172
1.470135
1.606947
1.860883
1.329446
1.815413
1.772511
1.716870
1.092883
1.147870
1.936061
1.515253
1.682529
2.239645
1.941902
1.838979
1.329346
1.320081
1.765361
1.891750
1.070023
1.366457
2.231790
1.079539
1.413991
0.867046
1.472653
2.155705
2.157820
1.927702
1.450648
2.117940
2.173480
1.385188
1.123499
1.276776
1.696024
1.287602
1.862494
1.212172
0.941368
1.345912
1.337201
1.647784
1.860832
1.841849
2.462361
1.723466
1.907359
1.896130
1.818082
1.233170
1.581670
1.852776
1.793459
2.120206
2.050012
1.679457
1.689981
1.587057
1.713698
1.608609
1.460165
1.361572
1.675630
1.822614
1.603171
1.788222
1.924278
1.485594
2.305106
2.051070
1.168918
1.303917
1.282365
1.942406
1.487558
1.562888
1.352307
1.626787
1.899353
1.321893
1.746931
1.605487
1.404927
1.980977
1.129340
1.463036
1.714403
1.631369
1.514095
1.128635
2.243170
1.796027
1.939284
1.869342
1.990695
1.832634
1.674069
1.353918
1.331209
1.395007
1.370686
1.537811
1.623262
2.107114
1.590079
1.261116
1.716719
1.431061
1.777698
2.205959
1.032005
1.483177
2.034050
1.572354
1.837468
1.690132
1.487306
1.093941
2.116631
2.027101
1.404474
1.755492
1.794214
1.349739
2.051070
1.382217
1.422903
1.935658
1.675832
2.043214
0.928125
1.408905
1.668883
1.800609
2.052480
1.710928
1.561729
1.500247
1.120981
0.875354
1.233673
1.846078
1.570290
1.327885
1.701210
1.433679
2.098503
1.604480
1.568074
1.142079
1.883240
1.549796
1.368370
1.643202
1.646626
1.873471
1.449944
2.202383
1.228990
1.626183
1.778806
1.276474
2.008067
2.125493
1.680212
1.747032
2.178264
1.661028
2.228165
1.798192
1.456087
1.994371
1.701613
0.675146
2.099309
2.261852
1.901166
1.521899
1.895073
1.145856
1.082863
0.913422
1.421141
1.576886
1.636203
1.834698
1.380807
1.665207
1.518929
1.832433
1.529251
1.824628
1.232011
2.238235
1.630161
1.835555
1.914610
1.457446
1.554327
1.734998
1.156631
1.347473
1.287149
2.027957
1.840288
1.753326
1.439671
0.985982
1.699599
1.731674
1.564952
2.180782
2.183803
1.831274
1.345660
1.395309
1.434132
1.628600
1.611832
1.605084
1.856200
1.701361
2.440356
1.051643
1.828857
2.302386
2.299919
1.292889
2.181134
1.655942
1.943665
1.826642
1.533934
1.326123
1.857861
1.642094
1.712238
1.609969
1.891901
1.891397
1.965971
2.175394
1.709367
1.619637
1.873824
1.618680
1.109349
1.125009
1.347977
1.905396
1.675076
1.504427
1.991501
1.807558
1.766066
1.842151
1.937119
0.834064
1.487558
2.025641
1.668178
1.637915
1.452814
2.107567
1.972971
1.582626
1.268871
1.698793
2.207368
1.919142
1.538919
1.653273
1.734343
1.790891
1.328087
1.785301
1.421947
1.320232
1.932385
1.796077
1.243039
1.977200
1.256735
1.878053
1.824829
1.602365
1.515152
1.846834
1.339668
2.317291
1.515152
0.889201
1.614601
2.023073
1.865817
1.299939
1.908316
1.401402
1.841899
1.392339
1.619637
0.936484
1.944269
1.754132
1.535092
1.266504
1.217107
1.681471
1.656194
1.673264
1.480508
1.869543
1.283372
1.740889
1.902374
1.202252
1.183470
1.632578
1.250844
1.826088
0.997563
1.701764
1.329849
1.922214
1.612537
1.621500
1.617673
1.472401
1.742047
1.170076
1.582677
1.227832
1.690736
1.905043
1.930220
1.761584
2.077254
1.456792
1.057585
1.954843
1.857912
1.161163
1.752621
1.218164
1.428291
1.694563
1.845222
1.559967
1.961792
1.291379
1.423961
1.460014
1.194699
1.642950
1.354120
1.634189
1.641641
1.925235
1.621953
1.475272
1.037494
2.077103
1.297774
1.763347
1.454929
1.951520
1.068210
1.718280
1.887218
1.607350
1.725833
1.546875
1.018964
1.830872
1.492090
1.823470
1.761333
1.382368
2.360847
1.637311
1.966525
1.303011
1.033868
1.948297
1.722711
1.953484
1.670695
1.533884
1.176874
1.725330
1.738120
1.596272
1.772511
1.544861
1.774878
1.766519
1.426277
0.962466
1.941046
1.574217
1.241277
1.662286
2.053990
1.769490
1.234277
1.917279
1.742299
1.999306
1.636656
1.842755
2.238940
2.336980
1.498384
1.104263
1.533833
1.569836
1.203612
1.160156
1.842957
1.593503
1.684694
1.145403
1.819743
1.696124
2.180479
1.151093
1.441837
1.648439
1.445009
1.648338
1.467567
1.906654
1.910229
1.559111
1.287300
1.303413
1.681522
1.399136
1.915466
1.324310
1.351451
1.385641
1.237802
1.521144
1.530510
1.681824
1.361371
1.537408
2.058321
1.652367
1.597632
1.932939
1.714000
1.883139
1.214236
1.849603
1.684442
1.133066
1.856049
1.203612
1.536452
1.333022
2.235818
1.401906
1.144798
2.721584
1.763347
1.904137
1.801817
1.937471
1.256685
1.959224
1.577692
1.681874
1.931429
2.032388
1.886110
2.117940
1.309708
1.861688
1.037292
1.172745
1.512685
1.424666
1.572404
1.547479
1.633887
1.819894
1.680968
1.344402
1.873169
1.992105
2.068945
1.153258
1.691542
1.588014
1.652216
1.621198
1.912798
1.450195
1.997040
1.353314
1.880672
1.137144
1.518224
1.223502
1.645670
1.427184
1.688470
1.895325
1.574117
2.163158
1.646727
1.097163
2.011995
1.410013
1.616162
1.826340
1.654532
1.209604
1.793358
1.897893
1.425371
1.591086
1.513440
1.314240
1.900713
1.243240
1.929263
1.662639
1.383476
1.890642
1.809572
1.631419
1.050938
1.870903
2.170006
0.771826
1.739278
1.466309
1.805392
1.313585
1.366306
1.938327
1.952074
1.687715
1.069670
1.624873
1.407948
1.667422
1.686507
1.847136
1.752319
2.068240
1.348883
2.151828
1.293896
1.574268
2.180278
1.364996
1.852423
1.954692
1.644965
1.660776
1.635951
1.761534
1.100235
1.886462
1.689729
1.434787
1.291379
1.313988
1.436499
1.112773
1.474013
1.407898
1.897389
1.120024
1.716920
1.918639
1.629808
1.754887
1.253513
1.152200
1.625377
1.246564
1.844115
2.183702
1.299889
1.443498
1.446570
1.310664
1.624722
1.735602
1.753226
0.973695
1.997342
1.973827
1.937572
1.820398
1.611731
1.496722
1.167105
1.624017
1.696577
1.869141
1.594862
1.571901
2.006104
1.674321
1.328137
1.433931
1.675479
1.556291
1.237198
1.829713
1.878607
1.039407
1.790941
1.593100
1.756750
1.280704
1.218567
1.642296
1.476480
1.792099
1.431615
1.624773
1.642799
1.369629
1.445361
1.320937
1.406438
1.565657
1.513087
1.727092
1.569786
1.397173
1.878809
1.031502
1.680061
1.692146
1.607249
2.024835
1.694815
1.580814
1.452109
1.741896
1.177931
1.558356
1.198375
1.626183
1.465805
1.949355
1.042429
1.817931
1.857861
2.126903
1.504225
1.719891
2.351784
2.065118
2.222273
1.687766
1.672760
1.222847
1.379146
1.955548
1.384181
1.399942
1.838828
0.880792
1.695268
1.732883
1.838324
1.242888
1.536603
2.426610
1.735098
1.495111
1.257188
1.792905
1.667271
1.562837
1.591791
1.317110
1.753175
1.396417
1.382822
1.764857
1.006325
1.382922
2.121968
1.718079
2.277209
2.111797
1.211971
1.574167
0.939203
1.804385
2.054292
1.433125
1.979819
1.267662
1.274158
1.391382
1.595467
1.020122
2.159885
1.500851
1.686305
1.047414
1.710425
1.056981
1.473962
2.404958
2.199614
1.096811
1.720294
1.731473
1.964864
1.623312
1.625327
1.837418
1.420335
1.087999
2.014563
0.926312
1.640584
1.504880
1.060909
1.713849
1.153510
2.021864
1.799249
1.498988
1.982941
1.517065
1.529453
2.067435
1.852876
1.889534
1.950412
2.032036
1.690736
2.163460
2.228870
0.956726
1.947240
1.993817
1.834698
2.334915
2.044020
2.276907
1.492493
2.347604
1.593201
1.920401
1.752974
2.199161
1.825987
2.044725
0.819965
1.501305
1.719690
1.601056
1.680766
1.758412
1.667221
1.914661
1.853279
1.863148
1.786963
1.424313
1.817125
2.010937
1.555486
1.317915
1.609364
1.437607
1.862746
1.975136
1.402158
1.426680
1.563139
1.685197
1.188908
1.683838
2.292316
1.655690
1.579555
1.386900
1.604128
1.087244
1.521748
1.234277
1.714503
1.610120
0.916644
1.543300
1.817729
1.618176
1.984703
0.941570
1.354372
1.917581
1.567470
1.888477
1.773367
1.054967
1.647986
2.077405
1.900964
2.210390
0.909393
1.353616
2.030223
1.644360
1.702922
1.494708
1.515303
1.874478
1.598689
1.796530
1.986415
2.077052
1.325116
1.857458
1.670796
2.028964
1.726840
2.048753
1.832181
1.751111
1.532222
1.545364
1.975690
1.188354
1.805896
2.149663
1.865918
1.271590
2.286273
1.806752
1.583684
1.798393
1.314340
1.913200
2.030827
1.585446
1.435995
1.381059
1.851466
1.386095
1.534035
1.426730
1.946384
1.675429
1.305881
2.129622
1.660927
1.554831
1.631621
1.705943
1.389066
1.514397
2.020354
1.931277
1.600452
1.711029
1.911086
1.825383
1.705641
1.664149
1.503117
1.861487
1.813600
1.570541
1.667624
1.078079
1.710274
1.891145
1.496219
0.917249
1.273856
1.434586
1.800810
2.070003
1.572002
1.862997
1.477286
1.769037
1.378189
1.562485
1.985509
2.028461
1.952527
1.428694
1.798091
2.106358
1.512080
2.345338
1.709770
1.615105
1.588014
1.815413
1.991299
1.631470
1.401805
1.821707
1.697031
2.119551
1.875888
1.716518
2.396649
1.807306
1.266504
1.698088
1.506642
1.100940
2.052882
1.213028
1.813046
1.343697
1.886513
1.621550
2.068240
1.481314
1.555133
1.710324
2.039236
0.908688
1.874126
1.132260
1.413286
1.806651
1.277028
1.995932
2.456168
1.959224
1.747636
1.048018
1.663142
1.677795
2.278116
1.778806
1.274913
1.457547
1.519080
1.548889
1.421997
1.236996
1.468776
1.729005
1.858315
2.026598
1.921156
1.160660
1.222797
1.499995
1.750003
1.653928
1.492896
1.124405
1.478746
2.011441
1.666164
1.492090
1.205928
1.308449
1.491637
1.680363
1.219373
1.313182
1.622054
1.654784
1.530359
1.996083
2.149059
2.146591
1.770245
1.776590
1.520590
1.712590
2.060083
1.778503
2.402490
1.369981
1.564146
1.743004
1.377736
1.677493
1.586403
1.263432
1.497528
1.874126
1.103508
1.443146
1.718582
1.699800
1.563089
1.395007
1.943614
1.386447
1.879060
2.267693
1.640080
1.419127
1.375822
2.182393
1.267914
1.883089
1.469733
2.143016
1.425371
1.304018
1.855293
1.549644
1.275970
1.114183
1.422148
1.693607
1.916725
1.937521
0.859291
2.378773
1.382167
1.536955
1.586252
1.715208
1.845374
1.757103
1.599445
1.570189
1.918840
1.554630
1.549745
2.103589
1.976344
1.488464
0.863219
1.207086
1.783589
1.999658
1.373506
1.709468
1.296263
1.858214
2.212051
1.955095
1.608961
1.664754
1.112320
1.898245
1.656093
1.322145
1.933342
1.862393
1.984854
1.654834
1.800911
1.262375
1.657704
1.928004
1.118715
1.641339
1.727243
0.745340
1.663545
2.173077
1.498082
1.491183
1.340977
2.262556
1.812694
1.755089
2.058824
1.781122
1.857610
2.297502
1.501909
1.050183
1.835655
1.764757
1.179341
1.446469
1.618831
1.584036
1.756599
1.203360
1.769087
1.888124
1.240521
1.091222
1.669739
2.089037
2.275648
1.547379
1.576181
1.674825
1.136842
1.549191
2.192514
2.556322
1.795523
2.203139
1.413286
0.904509
1.532423
2.080476
1.830167
1.841345
1.912143
1.631671
1.648741
1.876543
1.115794
1.956908
1.483177
2.108675
1.774828
1.773065
1.519281
1.346768
1.805292
0.508827
1.604883
1.375470
1.913553
1.742148
1.366306
2.157417
1.812090
1.714453
1.461676
1.576181
1.380807
1.671400
1.433176
1.776691
1.829210
1.751060
1.779913
1.987674
1.194246
1.676637
1.888980
1.019769
2.153238
2.129622
1.398230
2.053990
1.607048
1.419127
1.505283
1.702469
1.986717
1.018359
1.725279
1.277229
0.918054
1.271388
1.622255
1.899202
1.655237
0.934570
1.411322
1.895274
1.480559
1.038300
1.892001
1.447174
1.420889
2.038380
1.172493
1.950462
1.856099
1.541336
1.503017
1.781776
1.117557
1.352005
2.185263
1.123750
1.676889
2.211749
1.769943
1.133720
0.973393
1.162473
1.791595
1.232716
1.433931
1.682529
1.952225
1.643806
1.366154
1.812241
1.805392
2.082188
2.123277
1.825836
1.136087
1.385944
1.498787
1.770749
1.968791
1.988480
1.687463
2.110034
1.341229
2.318298
1.588870
1.945981
2.020001
1.814960
1.093085
2.589001
1.749600
2.006506
1.477739
2.025188
2.037827
1.503722
1.950110
1.817276
1.822966
1.540430
1.635146
1.504124
2.130377
1.149683
1.400647
1.178284
1.351552
1.402762
1.758261
1.351552
1.634642
2.183199
1.533229
1.801817
1.761887
1.614400
1.731674
1.504175
1.740637
1.927249
1.691895
1.456993
2.041653
1.546422
1.573160
1.998752
1.499542
2.059328
1.979970
0.942879
1.656949
1.286646
1.760477
1.677443
1.060909
1.637411
1.375772
1.212524
1.815665
0.763719
2.031532
1.479501
1.812442
1.924278
1.876945
1.156783
1.433025
1.043738
1.960281
1.683989
1.896483
1.553673
2.277713
1.180902
2.306818
1.709569
1.427838
1.521547
2.259485
2.472382
1.488666
1.520288
1.568427
1.455684
1.824275
1.775432
1.623967
2.077556
1.479854
2.103539
2.179926
1.622003
1.333575
1.731725
1.668178
2.250270
1.649597
2.100719
2.068341
1.639073
2.184608
1.334230
1.691240
2.104596
2.156964
2.093166
1.416609
2.024332
1.730869
2.122270
1.761081
1.154668
1.630765
1.824225
2.345238
1.577641
1.416257
1.230702
1.672055
1.586151
1.458554
2.136168
1.296867
1.309859
1.533682
1.508807
1.744162
2.195435
1.785704
1.581267
1.881679
1.825131
1.644260
1.912193
1.225616
1.872816
1.629405
1.700002
1.420638
1.929616
1.617824
1.968892
2.020052
1.643857
1.168263
2.211598
1.287804
1.901317
2.002428
1.647281
1.652719
1.136087
1.825333
1.634692
1.910078
1.917027
1.535847
2.163007
1.508052
2.151173
1.660272
1.188556
1.797688
1.523460
0.925456
1.493500
1.539825
1.511678
1.738824
1.782683
1.650806
1.542242
1.607501
1.872313
1.678752
1.238104
1.151646
1.425119
1.747385
2.220511
1.479048
1.858163
1.190973
1.789178
1.848898
2.001370
1.814809
2.186522
1.666415
1.390274
1.186995
1.492241
1.757355
1.416508
1.703275
1.986768
1.619334
1.802975
0.806520
1.448534
1.628851
1.750708
1.647130
1.076669
1.952074
1.395863
1.847891
1.371542
2.036971
1.423508
1.502916
1.423608
1.759520
1.333676
1.331763
1.735904
1.226573
1.468071
1.778101
2.176653
2.089742
0.651933
1.671149
1.351703
1.665862
1.397424
1.444656
1.625578
1.288408
1.562737
1.523058
2.253946
1.401704
1.881880
1.241176
1.287099
1.843108
1.875385
1.657906
1.878355
1.575426
1.522906
1.592848
1.248578
1.051039
1.589575
1.575476
1.838576
1.354221
2.241811
1.785201
1.984653
1.471092
1.509814
1.844417
1.459863
1.968539
1.638469
1.450497
1.325569
1.818938
1.797034
1.816873
1.638620
1.037746
1.758966
1.506441
1.372751
1.326476
1.636102
1.755038
1.803177
2.355812
1.707957
1.414948
1.758815
1.674774
2.093669
0.981097
1.549443
2.086217
1.502312
1.513037
2.197398
1.391684
1.445613
1.719337
1.068361
1.882182
2.070859
1.246765
2.146793
2.116933
1.325821
1.343898
1.582677
2.392319
1.099933
1.359055
2.141556
1.088754
1.313132
1.966525
1.681270
1.204871
0.912213
1.324361
1.487659
1.874579
1.609566
1.415854
1.521396
1.512030
0.904459
1.387555
1.348631
1.377333
1.744112
1.848999
1.657452
2.047444
1.486450
2.011189
1.298227
1.522101
1.506592
2.128111
1.950714
1.310413
1.556140
1.705238
1.482774
2.145735
1.750406
1.443448
2.055652
1.790739
1.641289
1.120477
2.075189
1.428996
1.488565
1.666214
1.628549
2.124838
1.390979
1.646375
1.650554
2.021411
1.949556
1.500650
1.445613
1.395561
1.632628
1.078633
1.160307
1.240169
0.997009
1.282567
1.413689
2.550783
1.889232
1.721805
1.800206
1.695268
1.572102
1.432874
1.617270
1.488615
1.124808
0.932808
1.849603
1.622557
2.060738
2.118745
2.241811
1.129692
1.548839
1.830872
1.835454
2.023778
2.069046
1.729056
1.271640
1.331914
1.528596
1.598891
1.740184
2.014059
1.608861
0.821828
1.430356
2.109984
1.808917
1.342337
1.492493
1.239615
1.474869
1.777597
1.075310
1.661430
2.150720
2.154094
1.875536
1.641843
1.685046
1.633182
1.624471
1.722107
1.642044
1.815262
1.862494
1.488968
1.123750
1.670242
2.093971
1.822110
1.679457
1.906856
1.730869
1.647633
1.574973
1.145705
1.895627
1.504024
1.645770
1.695369
1.887721
2.184659
1.742249
1.606897
1.172694
1.321591
1.364946
1.859070
1.481465
1.931227
1.724474
1.926494
1.794868
1.388461
1.807558
1.578497
1.536754
1.507297
1.632930
2.044926
2.099812
2.416740
1.522252
1.611932
1.369025
1.486349
1.441031
1.090919
0.739499
1.404424
1.947290
2.038380
1.878658
1.689427
1.544357
1.935507
1.211668
1.477487
1.824477
1.896634
1.747234
1.650453
1.860631
1.667876
1.823721
1.559111
1.943866
1.771051
1.801012
1.642648
1.407294
1.415350
1.265749
1.093437
1.494708
1.870349
1.821455
1.670544
1.658057
2.004945
1.579907
1.437405
1.685802
1.593251
1.496370
1.426932
1.708813
1.549191
1.403819
1.590079
1.617119
1.627693
1.639879
1.547127
0.884821
1.596272
2.067535
2.014664
2.128162
1.791142
1.804788
1.690837
1.911790
1.340424
1.885556
1.667372
1.395360
1.714806
1.952678
1.091322
2.061342
1.518375
1.517519
1.471646
1.531467
1.275719
1.904439
1.200389
1.708864
1.911589
1.940895
2.202182
1.035732
2.358179
1.469632
1.893109
1.319577
1.757153
1.963857
1.700908
1.817931
1.737666
1.230048
1.515656
1.656798
2.135161
1.590331
1.436650
1.254620
1.461978
1.591539
1.459511
1.733437
1.543199
1.666818
1.642598
1.728452
1.895375
1.519080
1.808162
1.513490
1.615306
1.560017
1.507549
1.230148
1.618076
2.057716
2.148102
1.677040
1.681522
0.991924
1.781374
1.402057
1.393497
1.169522
1.736105
1.469783
1.457648
1.784395
2.172070
1.177478
1.660020
1.307240
1.498636
1.664049
2.314522
1.759218
1.610573
1.793257
1.762390
1.490025
1.377635
2.005449
1.735703
1.515555
1.970352
1.828203
0.964833
1.458453
1.791495
1.248024
2.019598
1.818938
1.932637
1.512534
0.996909
1.240269
1.396719
1.484889
1.911539
1.238205
1.837367
1.612939
1.667674
1.787668
1.718683
1.086086
1.583936
1.646022
1.578598
1.670091
1.651561
1.460669
1.813651
1.828253
1.892001
1.524417
1.726286
2.038280
1.602869
2.101071
1.239615
2.259485
1.849704
1.622507
1.964813
1.112723
1.624873
2.037827
1.564952
2.199715
2.107164
2.145282
2.010081
1.813248
2.041855
1.761987
1.951117
2.540158
1.685550
1.357040
1.397827
2.015167
2.233250
2.102531
1.887923
1.661783
1.635649
1.054614
1.907863
1.395813
1.170731
1.863602
2.367947
1.989185
1.664200
0.839049
1.908014
1.101595
1.376225
1.548688
1.672156
1.240219
1.320584
2.024130
1.881628
1.437456
2.105150
2.323888
1.597884
1.578799
1.678249
1.579504
1.567369
1.753830
1.896936
1.876744
2.450024
1.887218
1.712842
2.363969
1.297673
1.846935
2.014513
1.161012
1.396971
1.171284
1.406287
1.783186
2.160992
2.089590
1.533279
1.633333
1.531567
2.028108
1.907460
2.012297
1.664351
2.048854
1.916020
1.293896
1.390878
2.011139
1.060858
1.716870
1.008440
1.859422
1.831073
1.514246
2.297855
1.623111
1.843712
0.924097
1.232062
2.182242
1.409358
1.848445
0.936987
1.964713
1.875082
1.893562
1.808112
2.208426
2.111494
1.609566
1.570944
1.796027
1.531416
1.547479
1.584238
1.368924
1.475372
1.431866
1.606393
1.339165
2.333052
1.271136
1.963756
1.725934
1.831979
1.661330
2.087022
2.004996
1.362781
2.075441
1.241025
2.027554
1.546724
1.330605
1.639426
1.547076
2.004089
1.273352
1.133418
1.718381
1.641792
2.103186
1.717424
1.742551
1.355228
1.312024
1.612889
1.562585
1.916373
1.564700
2.140045
1.890793
1.774727
2.513269
1.716920
2.064867
1.600049
1.653978
1.313232
1.815010
2.007262
1.489824
1.605688
2.010585
1.189412
1.304974
1.903734
2.337231
1.200540
1.788322
1.548335
1.656194
1.987321
1.752420
1.580058
1.895879
2.111595
1.775835
1.560672
1.455684
1.609767
1.346768
1.263181
1.719136
1.393195
1.375974
1.712590
1.661833
1.820650
1.948851
1.765663
1.258800
1.680515
1.072943
1.243945
1.686154
1.045953
1.867479
1.648439
1.984300
2.167387
1.372801
1.372247
0.973393
1.242636
1.808817
1.742097
0.688490
1.152855
1.014130
1.810529
1.576181
1.485997
1.515807
1.942607
1.480911
1.307039
1.767929
1.265346
2.199463
1.437909
1.544055
1.471696
1.860530
1.475977
2.042509
1.936514
2.308681
1.548839
1.668983
1.670746
0.809491
1.472855
1.529150
1.526482
1.485493
1.952174
1.626837
1.741594
1.282416
1.862141
1.187297
1.490479
1.433931
1.533229
2.191960
1.731825
1.846481
1.778654
1.483580
1.929666
1.874075
1.731372
1.382217
1.406136
1.966273
1.731070
1.587259
1.792653
1.665610
1.369981
1.645418
1.429601
1.669437
1.875183
2.064665
2.062349
1.906856
1.399287
1.737465
1.854286
1.252254
1.559816
1.669336
1.691643
1.546976
1.719942
2.114264
1.382520
2.234207
1.079942
1.599142
2.044221
0.959294
1.993515
2.083095
1.293292
1.793307
1.712238
1.833641
1.272043
1.487357
2.302135
1.524316
1.825534
1.059901
1.344804
0.825755
1.480911
1.237903
1.376074
1.560017
1.664351
1.502815
1.693607
2.135966
1.966878
1.848697
2.143520
2.006456
1.841345
1.852524
1.770145
1.383376
1.614098
1.742752
2.122421
1.121484
1.925587
1.677795
1.357695
1.610774
1.680464
1.842453
1.346567
1.730013
1.845172
1.556895
2.100064
1.484134
1.606192
1.623212
2.028108
1.755945
1.833138
1.557198
1.777396
1.066397
1.644562
1.729559
1.937823
1.586604
1.292134
1.515001
1.412379
1.589323
1.346466
1.446066
1.527841
1.968942
1.620795
1.165796
2.070909
1.227177
1.617824
2.031885
1.396568
2.018893
1.212122
1.723618
1.279697
1.713396
1.343495
1.791243
2.655670
1.616263
1.540128
1.783640
1.200490
2.691824
1.760225
1.609415
1.581569
1.509261
1.531013
1.329547
1.770346
2.457225
2.323737
1.840640
1.842654
1.351350
1.550349
1.694312
1.933443
1.440074
1.929767
1.823369
1.111716
2.037323
1.206079
1.590230
1.988631
0.851738
2.062148
1.629506
1.867831
2.210944
1.511224
1.533632
1.261368
1.782230
2.058723
1.536603
1.984401
0.947260
1.563441
2.222575
1.892102
1.899454
2.285417
2.179372
1.405481
1.647231
1.606293
2.258881
2.383003
1.666415
1.652467
1.061865
1.200591
1.920502
1.714604
1.566815
2.070557
1.202101
1.870752
1.391080
1.745119
1.383023
1.701613
1.599747
2.000615
1.408452
0.920924
1.612788
1.741695
1.835001
1.769641
1.730466
1.784647
1.392691
1.532373
2.107869
1.716115
2.120407
1.711432
1.847086
2.160892
1.868486
1.549896
1.464597
1.775130
1.349840
1.336295
1.103810
1.323454
1.180298
1.257088
1.682378
2.975519
1.667020
1.828656
2.301581
1.921761
1.708662
1.491637
1.756549
0.976465
1.105623
2.085008
0.791917
1.603372
1.833591
1.450598
1.310312
1.041019
2.102280
2.282043
1.353868
1.514497
1.309808
1.693153
1.748039
1.162321
1.746931
1.555838
1.633585
1.623161
2.098000
1.826440
1.692902
1.278790
2.444435
1.482875
1.701361
1.778000
1.938831
1.701764
1.343697
1.570139
1.841245
1.569283
1.247974
1.305428
1.801213
1.686859
1.856653
1.992961
1.943916
1.580663
2.119048
1.257339
2.324744
1.636858
2.044221
1.642195
1.975035
1.968892
1.325418
1.985760
1.531265
1.495363
2.025439
0.887288
1.483127
1.384685
2.418553
1.236795
1.708914
1.531013
2.213361
1.307240
1.556996
1.678752
0.589696
2.170509
1.645871
1.839885
1.619385
1.902022
1.706195
1.501103
1.759973
1.924681
2.060486
1.927652
1.376981
1.731523
1.758110
1.436096
1.928458
1.583784
1.926091
1.512080
1.689830
1.822362
1.275366
2.155554
1.388864
1.353163
1.392389
1.474617
2.332297
0.850731
2.132140
1.664703
1.974330
1.475020
1.993968
1.914308
1.429047
1.184880
1.861487
1.651662
1.469229
2.257722
2.063406
1.329749
1.614450
1.357846
1.662639
1.158444
1.460568
1.574066
1.844064
1.489925
1.296817
1.314693
1.260512
1.812996
1.707152
1.794516
2.009930
1.804335
1.964864
1.314290
1.217661
1.432018
1.996989
1.566312
1.814154
2.061040
1.558154
1.840791
1.046759
1.712741
1.228940
1.437909
1.777295
1.602969
1.715813
1.310010
1.436096
1.954692
0.886482
1.668681
2.348007
2.327010
1.758463
1.439873
1.412581
1.516512
2.019901
1.149481
1.487759
1.523158
1.785704
1.901871
1.798947
1.178082
1.671098
0.943231
2.007211
1.922768
1.309557
1.647986
1.941499
1.190469
1.596977
1.474265
1.424767
2.102934
2.219856
1.251247
0.892827
1.699347
1.683032
1.681975
1.893210
1.309909
1.389418
1.323102
1.609113
1.757858
1.705943
1.685651
1.149582
2.193723
0.984018
1.653223
1.634995
2.018944
1.659265
1.069217
1.326979
1.488263
1.717928
1.448030
1.458302
1.786208
1.687010
2.030173
1.227429
1.482674
1.373959
1.540681
1.970654
1.217610
1.464143
2.081433
1.139662
1.926041
1.489975
1.562585
1.342690
1.405783
1.407294
2.208678
2.682761
1.501456
1.749298
1.875787
1.415955
1.640433
1.755794
1.899252
1.983646
0.556110
1.728603
1.178989
1.947089
1.818182
1.417667
1.999759
1.657201
1.867076
1.778252
1.362428
2.060788
1.437556
1.717323
1.788423
2.172574
2.206311
1.668782
1.804335
0.933412
1.278891
1.135483
2.166783
2.029166
1.725330
1.677896
1.644864
1.687413
1.986818
1.215143
1.346667
1.400395
1.629959
1.440125
1.655136
1.826138
1.693858
2.383154
2.070255
2.525002
1.802170
1.593050
1.718179
0.543219
0.975055
1.319980
1.278891
1.904791
1.705238
1.700958
1.526733
1.714050
1.023244
1.011058
1.535294
1.730365
1.987120
1.294753
1.596625
1.350394
1.954742
1.024754
1.885757
1.890138
1.579655
1.687363
1.583784
2.174840
0.945699
1.969597
1.312779
2.082138
2.126903
1.996587
1.719791
1.250491
1.546875
1.934399
1.670393
1.042932
1.533934
1.894066
0.802139
2.557782
1.440880
1.443649
1.804385
1.992004
1.481516
1.402359
1.597380
1.461424
1.369025
1.979214
2.037273
1.176118
1.866925
1.537660
1.573714
1.996738
2.192111
1.789531
1.888023
1.750960
1.445714
2.069348
1.664854
1.875082
1.486853
1.407797
1.493953
1.571095
1.540732
2.091605
1.780719
1.032207
1.861739
1.527690
1.590129
1.563643
1.795674
1.795674
1.564549
1.705188
1.932033
1.290120
1.947240
1.551054
1.619334
1.812190
1.652467
1.609918
1.695470
1.769792
1.370535
1.568829
1.841345
1.229796
1.670695
1.397978
1.669235
1.606796
1.483228
1.378290
0.931650
1.453770
1.638972
2.482251
2.018239
1.594913
1.454526
1.239162
1.984854
1.131857
1.875284
1.828706
2.237732
1.707404
1.486148
1.653676
1.776842
1.814003
1.525575
1.652216
1.400345
2.101726
1.604782
1.046205
1.470488
1.693808
1.811284
1.540128
1.854941
2.005449
1.871608
1.425723
1.764253
1.976999
1.330655
1.307039
1.231760
2.206966
1.040112
0.952245
1.449188
1.433327
1.489723
1.402812
1.453770
1.751564
2.181889
1.633736
1.513541
1.832533
1.376427
1.956857
1.791545
2.056508
1.734846
1.437758
1.666566
1.171033
1.865616
2.174739
1.392943
1.858919
1.913553
2.293071
1.729156
1.556845
0.920673
1.674573
1.817628
1.881377
2.336728
1.900511
2.146138
1.300795
1.619234
1.839079
2.006657
1.794868
1.665106
1.281812
1.756448
1.669789
1.365248
1.294652
1.283171
1.511678
2.255608
1.563391
2.037927
1.639879
1.591489
1.712288
2.331139
1.724020
1.436751
1.437456
2.000917
1.619032
2.152382
1.682126
1.182715
1.034473
1.707907
1.209302
1.416811
2.385118
1.661179
1.854185
1.666415
1.594460
0.857881
1.408502
1.698592
1.455382
1.449641
1.954440
1.858617
1.664854
1.692599
1.543753
1.945226
1.633585
1.915265
2.062651
2.275648
1.318268
1.755794
1.758966
1.982236
1.386850
2.007513
1.639627
2.067888
2.171164
2.223129
1.428694
1.445110
1.289516
1.400899
1.607552
1.989285
1.652820
1.512433
1.403769
1.271892
2.411655
1.642195
2.091252
1.503520
2.128816
1.850107
1.800307
1.865263
2.143318
1.480055
1.270432
1.775583
1.521748
1.183168
2.415834
1.719388
1.227177
1.409711
1.779762
2.080023
2.075089
2.198355
1.697282
1.705742
1.808263
1.695016
1.494708
1.921156
1.559866
1.670192
1.964763
1.273654
1.401755
1.547781
1.983394
1.997845
1.666818
1.541537
1.647130
1.862997
1.694362
1.875032
1.899303
1.844518
1.621298
1.235989
1.178133
1.702670
2.085915
1.794164
1.824376
1.865414
2.082541
1.677493
1.678249
1.450699
1.815413
1.943010
1.920200
1.068965
2.243372
1.887067
1.428040
1.645367
1.490277
2.123026
2.296344
1.577943
1.641087
1.919495
2.169200
1.520842
1.566513
1.487659
1.811032
1.703979
2.063708
1.009547
1.246211
1.697182
1.946938
2.005046
1.947743
1.736508
1.697987
1.577289
1.786157
1.632376
1.552666
1.657251
1.678903
1.321490
1.475322
1.775533
1.743961
1.986667
2.022267
1.405179
1.484033
1.948247
1.668127
1.644562
1.026668
2.004341
1.784395
1.949455
1.147316
1.674120
2.031532
1.866824
1.423105
1.986717
1.393245
1.476228
1.074152
1.873169
1.488766
1.691995
1.996738
1.515857
1.535294
1.740990
1.178586
1.656093
1.636807
1.500952
2.260995
1.852574
1.772964
1.622205
1.520590
2.280029
1.639778
1.264893
1.565506
1.944672
1.833289
1.421443
1.680565
1.051392
1.839835
2.245084
1.408502
1.782129
1.894569
1.536200
1.020021
1.978409
0.859946
1.552112
1.763750
1.586453
1.918185
1.305075
1.698642
1.434233
1.312024
1.137144
1.673817
1.163782
1.585094
0.736276
1.269424
1.337856
1.650352
2.185918
1.776842
1.417616
1.560219
1.316556
1.332669
1.383929
1.290472
2.324139
1.651712
2.144476
1.502312
1.756146
1.841043
1.905396
1.574368
1.911740
1.754132
2.041905
1.371643
1.540833
2.016476
1.623665
2.042560
1.643102
2.018692
1.164386
1.252052
1.512886
1.338359
2.071362
1.714705
2.288489
1.237450
1.164688
1.956656
1.694009
1.292587
2.025893
2.236574
1.305377
1.203763
1.712489
1.842503
1.359508
1.887570
1.618730
1.212927
1.512383
1.036839
1.389468
0.916191
1.676688
1.490579
1.308801
1.787668
2.051321
1.239867
2.004039
1.528093
1.781726
1.617270
1.596826
2.126903
1.480559
1.903734
1.295659
1.671098
1.267964
1.713547
2.062701
1.339417
2.229927
1.800055
1.205475
1.667624
0.918709
1.772058
1.321490
1.604782
1.805946
1.467064
1.576634
1.501758
1.891447
2.009276
1.961742
2.040244
1.656294
2.093770
2.318600
2.093266
1.568930
1.679205
1.455684
1.427184
1.872212
1.718532
1.839633
1.510419
1.688068
1.654129
1.716115
1.914409
1.933342
1.476329
1.775381
0.854155
1.954390
1.506088
1.565002
1.447073
1.842705
1.792099
1.459360
1.971107
1.698793
1.201094
1.109550
1.931731
2.085411
2.131938
1.703023
1.555083
1.560722
1.630261
1.586604
1.049529
2.077103
1.320433
1.284430
1.239212
1.481767
2.014915
1.603926
1.660876
1.515656
1.762239
1.706195
1.878204
1.823218
1.708260
1.836763
1.741745
1.649043
1.291882
1.404877
1.544307
1.495615
1.685147
1.638972
1.704735
1.722359
1.480508
1.831123
1.332115
1.924782
1.757909
1.574973
1.578397
1.791847
1.581166
2.188284
1.678349
1.773921
1.959073
1.714000
1.623564
1.690938
2.059126
2.212454
1.219121
1.562938
1.831778
1.322044
2.045329
1.736861
1.383073
1.644058
1.271086
1.732681
1.828455
0.943735
1.696729
0.840157
1.651964
1.769540
0.901337
1.369226
0.630583
1.665056
1.750204
0.824345
2.393578
1.664351
1.547429
1.942154
2.021864
1.969748
1.493550
1.846179
1.761786
1.800307
1.986415
1.683788
1.828857
1.556644
0.779984
1.559161
1.453519
1.442441
1.608458
1.444858
2.140146
1.707303
1.578900
2.097697
1.799098
1.672659
2.212505
1.932133
1.823167
1.731523
1.831325
1.492090
2.026044
1.931529
1.541386
2.070959
1.207288
1.588216
1.766821
1.378693
2.101222
1.500348
1.566916
1.388109
1.754535
1.499391
2.238689
1.872414
1.725128
2.035107
2.413216
1.672659
1.661078
1.468172
2.301883
2.139743
1.602214
1.744565
1.756599
1.722258
1.520036
1.760628
1.661481
1.624471
1.374362
1.696880
1.728300
2.002075
1.824275
1.628902
1.562082
1.773921
1.241730
2.020303
1.958368
1.796278
1.494003
1.869644
1.240320
1.442642
1.744867
1.306384
1.983746
1.680565
1.900914
1.635800
1.362680
1.954994
1.517418
1.738976
1.307542
1.944017
1.906705
1.857912
0.856924
1.482774
1.220229
1.438362
1.726538
1.466309
1.543753
0.779379
1.591640
0.875606
1.397878
0.912314
1.615205
1.906453
1.803076
1.658006
1.166753
1.764555
1.275970
1.881276
1.880168
1.700253
1.397122
1.429500
1.474718
2.207268
1.382872
2.332498
1.922415
1.856905
1.718431
2.127406
1.330605
1.669235
2.096942
1.593402
1.876643
1.499240
1.641389
1.556946
2.245889
1.316405
1.051744
1.860631
1.523863
1.411070
1.147417
1.318318
1.652568
1.986969
1.393849
1.479451
1.418774
1.590331
2.221468
1.537056
2.001068
2.132996
1.569182
1.334482
1.644713
2.214166
2.104747
1.913301
1.300996
1.847237
1.925235
1.576584
1.424968
1.216553
1.769691
2.078362
1.749248
1.581166
1.916322
1.694160
2.072470
1.875284
1.937823
1.796480
1.927148
1.641037
1.741695
1.848244
1.402309
1.837115
1.277884
1.090768
1.778806
1.819089
1.220581
0.832805
1.564046
1.726840
2.215627
1.042882
1.401755
1.637915
1.482875
2.111092
1.870198
1.838777
2.038078
1.322195
1.531920
1.430557
1.526582
1.381664
1.158394
1.579454
1.731473
1.431262
1.776338
1.401201
1.658862
1.807256
1.575174
1.110155
1.369125
1.492090
2.012599
0.569604
1.591136
1.710274
0.846803
1.707454
1.191124
1.502715
1.618781
1.180600
1.399086
1.550400
1.667775
1.653474
1.525273
1.114888
2.136319
1.242032
1.345258
1.291580
0.722681
1.241176
1.649043
1.469783
1.206331
1.330806
2.085310
1.283675
2.522685
2.224036
1.784093
1.394705
1.211618
1.768936
1.373053
1.906000
1.372247
1.335287
1.500348
1.837468
1.526733
1.966425
1.498535
1.714655
1.360817
0.791716
1.681924
1.641490
1.211115
1.730264
2.232193
2.262355
2.005550
1.134174
1.070526
1.377837
1.709317
1.986768
1.287149
1.827196
1.701613
2.136067
1.456339
1.762944
1.668581
1.729207
1.685802
1.799451
2.227812
1.677443
2.176149
1.377383
1.432420
1.848294
2.001421
1.283826
1.534941
2.448917
1.535847
1.953383
1.541739
1.939888
2.063708
2.089439
1.608156
1.741946
1.837418
1.783640
1.662840
1.740385
1.607652
1.593654
1.539775
0.822583
1.814557
2.003233
1.755945
1.494809
1.999759
1.919746
1.242133
1.613493
2.001924
1.659215
1.652921
2.205807
1.783086
1.628499
1.488968
1.653777
1.455029
1.879765
1.704886
2.003737
1.241125
1.514246
1.475876
1.685399
1.692096
1.251649
2.270261
1.526935
1.898094
1.468121
1.459058
2.114919
1.954843
1.668782
1.848344
1.324965
1.458705
1.588467
1.435744
1.258195
1.499643
1.421695
2.097144
1.556895
1.468323
1.565103
1.811787
1.481717
1.789833
1.246513
1.640634
1.889635
1.603825
1.268065
1.314693
1.094797
1.735300
1.089711
1.503873
2.328621
1.326526
1.511325
1.654129
2.076549
2.368854
2.092612
2.416992
1.139662
1.046910
2.097295
1.045752
1.820952
2.074988
1.209151
2.145836
1.810529
1.441736
2.119954
2.145634
1.942809
1.061261
1.975085
1.279898
2.206512
2.682660
2.038380
1.257339
2.261247
1.307240
1.237903
1.698642
1.629657
1.032408
1.448181
1.301248
1.321843
1.367715
1.736105
2.312810
1.345006
1.134727
1.668077
1.422652
1.499794
1.462180
1.384735
1.128433
2.204901
1.018510
1.379750
1.436600
1.359558
1.580914
1.418674
1.331662
1.077928
1.800961
1.189362
1.724272
1.857861
1.786812
1.747888
1.750658
1.360112
1.766217
1.396518
1.950865
1.572807
1.076619
1.437355
1.770699
1.885506
1.450346
1.724474
1.254016
1.886916
2.152231
1.739076
1.565657
1.892102
2.000665
1.450145
1.215697
2.325600
1.129591
1.440930
2.369508
2.388895
1.264288
1.153711
1.686053
1.746428
2.117336
1.601761
1.798393
2.082289
1.480760
1.750607
2.486984
1.792854
2.053084
1.571498
1.898547
1.777396
1.874629
2.687141
1.829965
1.562938
1.600351
1.322447
1.718582
1.605286
1.364493
1.617874
1.956706
1.523360
2.324945
1.383678
1.591237
1.157286
1.823268
2.000967
1.455382
1.931831
1.599747
1.424767
1.358551
1.376779
1.799702
2.034705
1.842957
1.177277
1.902727
1.895576
0.386266
1.428090
2.184206
1.349185
1.790840
1.617622
1.565204
1.108946
2.238286
1.116650
1.979164
1.592697
1.683083
0.987291
1.824628
1.701915
1.248074
1.336093
2.045178
1.859976
0.876109
1.598488
1.354422
1.738824
2.067183
1.500751
1.725883
1.248528
2.509492
1.556946
1.452411
2.034604
1.295256
2.063255
2.009578
0.975156
1.789632
1.479652
1.366759
1.438362
1.567621
1.592848
1.445613
1.782834
1.431816
0.944389
2.737949
1.643605
1.989386
1.619234
1.719539
2.157568
1.210812
2.109631
1.836713
1.155775
0.858536
1.441685
1.296968
1.903331
1.522957
1.031049
1.932184
1.307643
1.663243
1.981783
1.526532
1.506642
1.498485
1.221437
1.425975
2.058421
1.585094
1.253815
1.834447
2.092007
1.459763
1.987070
1.343092
1.588165
1.142935
1.383376
1.512836
1.229494
1.292084
1.816118
1.926645
2.026950
1.094293
1.696577
1.780971
1.126419
1.570743
1.532323
1.725128
1.744464
1.559312
2.107315
1.577843
1.701411
1.634088
2.289748
1.879312
1.871457
1.829008
2.065974
2.331944
1.282516
2.032892
2.275850
1.228738
2.447456
1.434132
1.568678
1.833893
1.026416
2.081836
1.979970
2.119400
1.556845
1.555435
1.567067
1.709418
1.877298
1.558154
1.615356
1.564902
1.976143
2.492725
1.815816
1.949002
1.400244
1.290825
1.952728
1.828203
1.873320
1.530963
1.393900
1.829462
1.731171
1.627240
1.842201
1.503419
1.186794
1.362277
1.566614
1.494154
1.967079
2.000061
1.321390
1.655690
1.834749
1.778503
2.251428
1.904439
1.304068
1.566110
1.211920
1.845776
1.198526
1.591791
1.639929
1.466560
1.420587
1.401503
1.706346
2.072319
1.689578
1.704080
1.431967
0.765733
1.586856
1.342387
1.522655
1.126067
1.697383
1.944571
1.841194
1.857861
1.365500
1.870702
1.534941
1.443246
1.504779
1.503822
1.791394
1.079086
2.235567
1.542595
2.153741
1.853783
1.620593
1.736156
1.095653
1.695168
1.249232
2.399066
1.025157
1.366457
1.785956
1.775230
1.809421
1.708612
1.458252
1.716064
2.001471
2.036014
1.394202
1.650453
1.594913
1.316606
1.332014
2.009125
1.450447
2.089339
1.562183
2.033395
1.280150
1.646475
2.003183
1.308600
1.366154
2.100618
1.524971
1.672156
1.949254
2.491164
1.081654
1.848093
2.007614
1.612587
2.207973
1.013425
1.875737
1.221286
1.442239
2.022116
1.757002
1.776086
1.331310
2.113811
1.398935
2.108423
1.906705
1.057787
1.917632
1.412933
2.199564
1.479652
1.193289
2.393880
1.786157
2.274289
0.904207
1.513692
1.514447
2.234157
1.393597
1.815816
1.554428
1.864810
1.273604
1.546220
1.505283
0.861859
1.835252
1.459108
1.884247
0.828172
2.113257
1.162070
1.780467
1.103156
1.854890
1.091524
1.515051
1.784294
1.930573
2.040797
1.051089
1.723064
1.197166
1.901971
1.283020
1.950613
1.466913
1.668329
1.471898
2.008067
1.754082
1.623312
2.016930
1.513188
1.269878
1.648943
1.277632
1.825131
1.711281
1.683687
1.858012
1.258498
1.678903
1.586755
2.347504
1.704282
1.636505
1.929716
1.408603
1.587813
1.908820
1.263080
1.627794
1.814658
1.398532
1.461424
1.463539
1.882635
1.848949
1.186240
1.284077
1.789027
1.831123
1.732933
1.572958
1.435995
2.124788
1.228789
0.695842
0.938599
1.429248
1.709669
1.897842
1.356335
1.073145
2.235567
1.999406
2.222475
1.623917
1.583633
1.420839
1.580713
1.904237
1.454576
2.222072
1.783337
1.669235
2.151979
1.775684
1.594460
2.123882
1.178787
1.913503
1.936263
1.673666
2.345238
1.833842
1.752873
1.295709
1.698239
1.143036
1.504880
1.350243
2.127406
1.738371
1.578145
1.821606
1.812090
0.808182
1.610220
1.895123
1.816924
1.512181
1.629506
1.799350
1.020877
1.952779
1.599747
1.310765
1.658913
1.693506
1.634592
1.719891
1.876945
1.319527
2.213814
2.079469
1.250340
1.112471
0.895747
1.130901
2.284209
1.664955
2.101474
1.464798
1.382973
1.750406
1.990594
1.281610
1.576987
1.620644
1.796027
1.108443
1.266252
1.505887
1.926041
1.911287
2.093065
1.695671
1.920653
1.480760
1.914912
1.498888
1.828606
1.891951
1.940845
1.626233
1.317865
2.138988
1.880470
1.800407
1.797034
1.169724
1.415552
0.873390
1.827649
1.474265
1.652115
1.502412
1.525475
1.527187
1.142432
1.615306
1.774072
2.188486
1.531013
2.026598
2.041855
1.536351
1.954088
2.282144
1.878255
2.004744
1.619536
2.261499
1.506139
1.563441
2.152785
1.476178
1.544106
1.693304
1.138857
1.781978
1.185132
1.666768
1.342891
1.358148
1.640886
1.535847
1.678450
1.690031
1.398230
1.433125
1.786711
1.728653
1.596272
1.133569
1.746780
1.899857
1.880118
1.616515
1.621600
2.205757
1.596172
1.378239
1.512332
1.533884
1.666214
0.940814
1.410768
1.625075
1.639375
1.689427
1.465302
1.288660
1.621600
1.968137
1.511124
1.944269
1.152402
1.886765
1.610472
1.643152
1.495564
1.709015
1.712993
1.476027
1.339467
1.498132
2.313213
1.677946
1.645770
1.916927
1.303917
1.395511
1.473509
2.063306
1.152402
1.102551
1.709619
1.716870
2.160590
1.231105
1.793459
1.923674
1.577138
1.978459
1.458151
1.888225
1.687463
2.219453
1.587007
2.526462
1.671954
0.998621
1.668077
1.994774
1.784445
1.712691
2.204095
1.774123
0.840962
1.578548
2.191507
1.561679
1.095149
1.630815
1.403970
1.867680
1.143036
1.482573
1.601912
1.831627
1.408855
1.043335
2.348914
1.986465
1.770547
1.146158
1.178737
1.983746
2.010484
1.956454
1.403719
1.151344
1.761685
1.245003
1.038803
1.620895
1.837065
1.637361
1.958066
1.955246
1.293443
1.804939
1.085834
1.883038
1.403014
1.955045
0.963322
1.219020
1.808968
1.638016
1.483832
1.571901
1.455835
1.086740
1.478091
1.663797
1.908215
2.167740
1.629758
1.435693
1.528445
1.483983
1.609062
1.601912
1.415451
1.731775
2.010081
1.794969
1.738019
1.908618
1.305679
1.853178
1.454425
2.116228
1.292738
2.042258
2.237682
1.824930
1.435039
1.618629
1.270532
1.811888
1.823268
1.762239
1.380203
2.164467
1.420839
2.066025
1.024905
1.664250
2.104092
1.652870
1.781776
1.799954
1.714755
1.645065
1.879765
1.531265
1.656395
1.602869
1.725179
1.125060
1.335136
1.812039
1.419077
1.492996
1.925336
1.468071
1.504376
1.697987
1.554025
2.059882
1.340222
1.819995
1.389166
1.651561
1.789027
1.896584
2.295236
1.359558
1.147971
1.441434
1.428946
1.519734
1.796127
1.701311
1.076921
1.145000
1.678148
1.635196
2.109984
1.557047
1.941701
1.680162
2.037625
1.880722
0.972638
1.553371
1.794466
1.600049
1.820700
1.637462
1.425572
1.652618
1.708260
1.267561
1.402409
2.129874
2.393225
1.013374
1.824527
1.930573
2.060939
1.635851
1.405733
1.967281
2.172322
1.290724
1.662488
0.993182
1.500096
2.100417
1.605688
2.268549
1.629607
1.508304
1.315851
1.780870
1.817276
1.746529
1.439973
2.069046
1.130598
1.523611
1.375772
2.023476
1.289969
2.041049
1.523360
1.502161
1.791948
1.485242
1.408955
1.962044
2.136823
1.044443
1.518375
1.705339
1.763145
1.363435
1.735904
1.237601
1.825836
2.333354
0.971379
1.807709
0.963373
1.555133
1.326375
1.176974
2.278065
1.832433
1.852020
1.218265
1.455785
1.470538
1.814809
2.010988
2.136571
1.357292
1.197267
1.816672
1.766066
1.723869
1.409912
1.510318
1.776137
1.804335
1.552666
1.705389
0.772128
2.155353
2.151526
2.179321
1.421342
2.316737
1.641087
1.340373
1.646576
1.772260
1.403517
1.509059
1.511325
1.961389
1.344452
1.650453
1.616766
2.061342
1.735350
1.483026
1.671652
1.870903
2.028259
1.262627
1.957462
1.374110
1.668631
1.246513
2.071111
1.264137
1.671602
1.371442
1.378038
2.161496
1.179492
1.980171
1.825635
1.316153
1.749298
2.640967
1.504880
2.005247
2.112401
2.090396
1.530812
2.107365
1.417365
1.189211
2.015218
2.080275
1.057434
1.939989
2.296193
1.585497
1.841345
1.833842
2.064816
2.141052
1.541286
1.922516
1.658359
2.022469
1.332216
1.441383
2.059781
1.482976
1.749248
1.470488
2.035963
1.411171
1.683838
2.266031
1.387857
1.660474
1.163127
1.630211
1.749348
1.499744
1.733437
1.941902
1.342136
2.074786
1.750356
1.871407
1.491032
1.210712
1.766469
1.212474
2.089188
1.790991
1.544458
1.590733
1.733839
1.760880
1.735703
1.676436
1.219624
1.128282
2.136873
1.853883
2.025238
0.880289
1.352458
1.570491
2.013757
2.508485
1.720496
1.594308
1.760225
1.148927
2.160590
1.793962
1.238406
2.026547
1.403568
1.527338
1.929364
1.846381
1.178334
2.054242
1.494356
1.979819
1.702267
2.040193
1.511778
1.354976
1.322296
1.304018
2.127658
1.616515
1.153358
2.119249
1.980624
1.749600
1.698843
1.782985
1.012921
1.392490
1.539272
1.368723
1.710626
2.233855
1.603825
1.513390
1.913905
2.033345
1.415199
1.675932
1.419429
2.259586
2.024886
2.074837
1.876291
2.058774
1.861789
1.867529
1.776338
1.590532
1.907611
1.974028
1.777396
1.489622
1.770396
1.669991
2.338037
2.117537
1.368622
1.848445
1.806853
1.309808
1.492493
2.407475
1.871407
1.797537
1.567621
1.858617
1.711684
1.244550
0.709186
1.630513
1.987019
1.800961
1.788876
2.182242
1.672508
1.350847
1.304269
0.999124
1.382368
1.584943
1.054161
1.441534
1.684291
2.416841
2.073074
1.333273
1.688622
2.646758
1.321541
1.572052
1.365097
1.097163
1.873521
1.985207
1.408653
1.741141
1.607501
1.347926
1.680363
1.654079
1.202957
1.118010
1.955145
1.153661
1.478998
1.918387
2.048552
1.566664
1.544659
1.628902
1.982639
1.967482
1.931630
1.242838
2.012146
1.579706
1.998299
1.594711
1.527237
1.790034
0.810397
1.431665
0.978983
1.910078
1.612990
1.527187
2.178667
1.947794
1.371140
1.977452
2.411302
1.763196
1.872968
1.523360
2.085864
1.454677
1.588719
2.079822
1.934299
1.198375
1.262022
2.090598
1.742450
1.435945
1.644864
0.951590
1.607703
1.462280
1.740587
1.244348
1.919243
1.518677
1.767929
1.826289
1.409610
1.388109
1.404272
2.188838
1.311772
1.954239
2.124788
1.721704
1.457799
1.254721
1.231407
2.159784
2.036870
1.339114
2.092259
1.873874
1.106932
2.110437
2.215979
1.688773
1.546875
1.319527
1.397726
2.107164
1.706749
1.790790
2.034906
1.630211
1.701411
1.376880
1.841194
1.646677
1.581418
1.565053
1.590884
1.452713
1.233623
2.266988
1.580511
1.896835
1.744817
2.027000
1.130649
2.437537
1.787164
1.549644
1.370384
1.098422
1.479501
1.992357
1.830368
2.008319
1.545616
1.623816
1.921056
2.251126
1.464899
1.195656
2.356618
1.725128
1.225113
1.431564
1.304572
1.412279
2.163409
1.425320
1.747787
2.177357
1.463338
1.679810
2.064766
1.173299
1.488666
1.715460
1.145755
2.036719
1.205122
1.333424
1.520137
1.685197
2.198355
1.413940
1.614551
1.391331
0.919464
1.534941
1.878255
1.869141
1.161919
1.231911
1.225465
1.886009
1.754333
2.008672
2.281187
1.654834
1.474617
1.724977
1.875787
1.331158
1.572807
2.261348
1.744162
1.504779
1.427788
1.859070
1.089207
1.945930
1.866522
1.335287
1.268216
1.117960
1.698491
1.659416
1.089459
1.589928
1.804234
1.347977
1.685399
1.814557
1.767476
1.901518
1.560823
2.121666
1.756247
1.655388
1.561729
1.397021
1.255980
1.346970
1.526079
1.556644
2.362912
1.431514
1.769994
2.383305
1.315398
1.815111
1.285135
1.000182
2.172171
1.775684
1.978661
1.573210
1.656244
1.399539
1.469078
1.202655
1.793660
2.239746
1.452814
1.965216
1.622809
1.959325
1.383577
1.397777
1.962396
2.020152
1.736710
1.986667
1.212927
2.329276
1.199231
1.543501
1.218819
1.117255
1.493147
2.337685
1.635548
1.071281
1.300090
1.833389
1.704684
1.584036
1.198979
1.135785
1.658157
1.722762
1.777849
1.670393
1.813097
1.877550
1.956706
1.138252
1.784697
1.718784
1.791293
1.319980
1.869090
2.014513
1.928760
2.081534
1.109450
1.781575
1.286696
1.650604
1.665862
1.874377
1.994925
1.362982
1.599243
2.017534
1.174557
1.141173
1.997040
1.566866
1.813298
2.292265
1.459914
1.900310
1.469279
1.378894
1.844719
1.580763
1.845172
1.720848
1.286494
1.780719
1.664804
1.844920
1.777144
1.110356
1.086035
2.055853
2.050768
2.011844
1.770296
1.460719
1.629909
1.108342
1.134476
1.765059
1.898296
1.689880
1.628096
1.734695
1.693456
2.149210
1.765109
1.440024
2.033446
2.336728
1.202806
1.761031
1.901921
1.574368
1.653474
2.071765
1.916322
2.311047
1.806601
1.620341
2.053537
1.734393
1.578648
0.834517
0.953101
1.528647
1.985106
1.654834
1.186743
2.426610
1.134929
1.865817
1.583382
1.638116
1.636908
1.218970
1.716165
1.590129
1.226070
1.007533
1.722762
1.701714
1.283322
1.312125
1.676033
2.250874
1.307643
1.777950
1.294954
1.662387
1.658510
1.781474
1.672659
1.495766
2.191205
1.928508
0.996455
1.792250
1.344704
1.921106
1.768382
1.675076
1.389418
1.122945
0.991420
1.142633
1.660876
1.547127
1.102098
2.061795
1.813953
1.400093
1.136137
1.122844
1.881175
1.358400
1.400999
2.032690
1.469380
2.108272
1.348279
1.754283
1.349890
1.799501
1.971661
1.912093
1.201346
1.299536
2.006557
1.598840
1.571649
1.465201
1.067152
1.531920
1.329094
1.833893
1.210359
1.408603
1.856955
1.067052
1.279395
2.123277
1.142230
1.271187
1.575526
1.269978
1.563542
1.172292
1.431665
1.731876
1.663696
1.641792
1.904388
1.904741
1.337201
1.696477
1.810780
1.542696
1.696577
2.080426
1.660826
1.851869
1.615508
1.715309
1.300140
2.072823
1.315398
1.377736
1.521497
1.558910
1.534438
1.731725
1.400798
1.901468
1.828857
2.149864
2.303847
1.800357
1.831526
1.909424
1.572153
1.615759
1.166350
1.855847
1.576534
